     10.8984
     10.4229
     10.0928
     10.4229
     10.0928
     9.68447
     9.24217
     9.27492
     8.95166
     9.27492
     8.69713
     -4.2445
     8.69713
    -4.42014
     8.47337
    -4.42014
     8.47337
           8
    -4.69836
    -4.69836
     8.69836
    -4.69836
     8.69836
     8.69836
     7.66054
     7.66054
     7.44434
     7.44434
    -3.96856
     7.96856
     7.96856
    -3.96856
    -3.96856
     7.96856
     7.01388
     7.96856
    -3.96856
     7.96856
    -3.96856
     7.96856
    -3.96856
    -2.95166
    -2.84605
    -2.84605
     6.68416
     6.68416
     6.96429
     6.96429
     6.96429
           7
           7
           7
           7
      6.0311
    -2.24384
      6.0311
           7
           7
     6.96429
     6.96429
     6.96429
    -2.06435
    -2.06435
    -2.29184
    -2.29184
     5.64053
     5.56472
      6.6855
    -2.96429
      6.6855
    -2.96429
      6.6855
    -2.96429
    -2.96429
      6.6855
      6.6855
    -2.96429
      6.6855
    -2.96429
     5.63062
     -2.6855
     5.63062
     -2.6855
     -2.6855
           6
           6
     -2.6855
           6
     -2.6855
     -2.6855
     5.53716
     5.53716
     6.33365
     6.28351
     6.33365
     6.33365
     6.28351
     6.33365
     6.28351
     6.28351
     6.33365
     6.28351
     6.33365
     6.28351
     5.40655
     5.40655
    -2.33365
    -2.33365
    -2.28351
    -2.33365
    -2.28351
    -2.33365
    -2.28351
    -2.33365
    -2.28351
    -2.33365
    -2.28351
    -2.28351
    -1.24905
    -1.24905
          -2
          -2
          -3
          -2
          -3
          -2
          -3
          -2
          -3
          -3
          -3
    -1.96591
          -3
    -1.96591
    -1.96591
          -3
    -1.96591
          -3
          -3
    -1.96591
    -1.96591
   -0.500737
   -0.354636
   -0.500737
     5.96591
   -0.834778
     5.96591
   -0.834778
     5.96591
     5.96591
   -0.826658
     5.96591
   -0.826658
     5.96591
     5.18278
    -0.66481
     5.18278
    -0.66481
     4.42874
     5.03228
     4.42874
     5.03228
     4.64076
    0.435279
     4.64076
     4.10204
     4.10204
     4.08359
    0.315529
     4.08359
      3.6942
     3.69522
     3.69522
   -0.670588
      3.6942
   -0.670588
   -0.670588
     -1.3589
     -1.3589
     -1.3589
     3.52257
     3.52257
     -1.3589
     -1.3589
     -1.3589
    -1.32923
    -1.32923
     4.67059
    -1.32923
     4.67059
    -1.32923
     4.67059
    -1.32923
    -1.32923
     2.48495
     3.33457
     3.33457
     1.72508
     1.72508
      2.2008
      2.2008
      2.6989
     2.15062
      2.6989
     2.15062
     1.30973
     1.30973
     1.14676
     1.14676
     1.13971
     1.13971
     1.13335
     1.13335
     2.08433
     2.08433
     2.57696
      5.3589
      5.3589
     2.03683
      5.3589
     2.03683
      5.3589
      5.3589
      5.3589
     5.32923
     5.32923
     5.32923
     5.32923
     5.32923
     5.32923
     2.98612
     4.81437
     5.14612
     4.81437
     5.14612
     4.81437
     5.14612
     5.14612
     4.81437
     5.14612
     4.81437
     5.14612
     4.81437
     5.09449
     5.09449
     5.09449
     5.09449
     5.09449
     4.60384
     5.09449
     4.60384
     4.60384
     4.60384
     4.60384
     4.60384
     4.33537
    -1.14612
     4.33537
    -1.14612
     4.33537
    -1.14612
    -1.14612
     4.33537
     4.33537
    -1.14612
    -1.14612
     4.33537
           5
    -1.09449
           5
           5
    -1.09449
           5
    -1.09449
    -1.09449
           5
    -1.09449
    -1.09449
           5
           5
           5
   -0.814365
   -0.814365
   -0.603838
   -0.603838
   -0.814365
   -0.603838
   -0.814365
   -0.814365
   -0.603838
   -0.603838
   -0.814365
   -0.603838
     3.45882
   -0.335373
     3.45882
   -0.335373
     3.45882
   -0.335373
     3.45882
   -0.335373
   -0.335373
   -0.335373
     3.45882
     3.45882
     4.00224
     4.00224
     3.30369
     3.30369
     4.00224
     3.30369
     4.00224
     3.30369
     4.00224
     4.00224
     3.30369
     3.30369
     2.60211
     2.60211
     2.60211
     2.60211
     2.60211
     2.60211
     2.56738
     2.56738
     2.56738
     2.56738
     2.56738
     2.56738
     3.12765
     3.12765
     3.12765
     3.12765
     3.12765
     3.12765
    0.541182
    0.541182
    0.541182
    0.541182
    0.541182
     3.06468
    0.541182
     3.06468
     3.06468
     3.06468
     0.69631
     3.06468
     0.69631
     3.06468
     0.69631
     0.69631
     0.69631
     0.69631
     1.43262
     1.39789
     1.43262
     1.43262
     1.43262
     1.43262
     1.43262
     1.39789
     1.39789
    0.872355
     1.39789
    0.872355
     1.39789
    0.872355
     1.39789
    0.872355
    0.872355
    0.872355
    0.935323
    0.935323
    0.935323
    0.935323
    0.935323
   -0.002243
    0.935323
   -0.002243
   -0.002243
   -0.002243
          -1
   -0.002243
   -0.002243
          -1
          -1
           1
          -1
           1
          -1
           1
          -1
          -1
           1
           1
          -1
           1
          -1
          -1
           1
           1
           1
           1
           1
           1
           3
           1
           3
           1
           3
           1
           1
           4
           4
           3
           3
           3
           3
           3
           3
           3
           3
           3
           3
           3
           3
           3
           4
           4
           4
           4
           4
           4
           4
           4
           4
           4
           4
           4
           4
           4
           4
           4
           4
           2
-3.71764e-15
           2
-2.08583e-15
           2
-1.51444e-15
           2
-3.46672e-15
           2
 1.69655e-15
           2
-1.11022e-15
           2
-4.68733e-15
           2
 4.50966e-15
           2
 1.14983e-14
           2
           2
 2.58695e-15
 1.85086e-15
           2
           2
-2.59414e-16
 9.50463e-16
           2
   2.189e-15
           2
 2.42735e-15
           2
 2.68659e-15
           2
           2
 3.78955e-15
-4.69478e-15
           2
-1.26643e-15
           2
 8.07519e-16
           2
 3.76657e-16
           2
 2.74076e-15
           2
 1.11022e-15
 1.55431e-15
 4.44089e-16
           2
           2
           2
