1 25.5717 25.5717
2 17.4543 21.513
3 11.3562 18.1274
4 29.9682 21.0876
5 23.6768 21.6054
6 25.4816 22.2515
7 13.2442 20.9647
8 31.1883 22.2427
9 10.2892 20.9145
10 8.67444 19.6905
11 9.25372 18.7417
12 33.238 19.9497
13 58.9058 22.9463
14 42.79 24.3637
15 10.1908 23.4189
16 13.291 22.7859
17 32.0482 23.3307
18 10.0852 22.5949
19 57.3819 24.4258
20 6.57476 23.5332
21 40.2779 24.3306
22 36.3951 24.879
23 32.234 25.1988
24 9.02779 24.525
25 5.28362 23.7553
26 4.06376 22.9979
27 33.4927 23.3866
28 7.33428 22.8133
29 31.1179 23.0997
30 7.68803 22.586
31 18.5529 22.4559
32 25.9964 22.5665
33 7.65569 22.1147
34 15.2198 21.9119
35 21.0872 21.8883
36 21.2869 21.8716
37 23.973 21.9284
38 9.25621 21.5949
39 24.7187 21.675
40 6.71161 21.3009
41 7.32876 20.9602
42 6.26296 20.6102
43 6.22958 20.2758
44 12.2191 20.0927
45 8.69627 19.8394
46 17.2986 19.7842
47 6.4148 19.4997
48 24.5849 19.6057
49 22.5807 19.6664
50 32.7764 19.9286
51 17.3738 19.8785
52 15.3416 15.3416
53 12.3993 13.8705
54 19.1843 15.6417
55 3.93427 12.7149
56 5.61883 11.2957
57 14.8897 11.8947
58 6.17471 11.0775
59 7.5489 10.6365
60 39.5788 13.8523
61 38.9658 16.3636
62 18.4328 16.5517
63 27.0946 17.4303
64 7.81756 16.6909
65 23.5085 17.1778
66 12.7022 16.8795
67 12.221 16.5883
68 8.02232 16.0844
69 32.7643 17.0111
70 9.82675 16.633
71 8.41575 16.2221
72 9.55174 15.9045
73 7.03399 15.5013
74 26.0271 15.9589
75 15.633 15.9453
76 8.55836 15.6498
77 4.60906 15.2252
78 8.31235 14.9692
79 5.21644 14.6209
80 9.3842 14.4403
81 19.5611 14.611
82 5.91661 14.3305
83 17.1301 14.418
84 8.57127 14.2408
85 9.88445 14.1127
86 10.3695 14.0057
87 7.18385 13.8163
88 13.1607 13.7985
89 18.4204 13.9202
90 12.6633 13.8879
91 8.06823 13.7424
92 6.21164 13.5588
93 7.78703 13.4213
94 17.8135 13.5235
95 25.487 13.7954
96 47.1863 14.5374
97 9.39868 14.4257
98 7.72787 14.2832
99 2.21599 14.0318
100 6.79959 13.8842
101 50.5949 14.6184
102 1.65991 14.3643
103 3.35714 3.35714
104 10.1582 6.75768
105 15.4379 9.6511
106 10.6473 9.90015
107 2.78072 8.47626
108 18.7408 10.187
109 9.17607 10.0426
110 11.7028 10.2501
111 8.24356 10.0272
112 15.399 10.5644
113 5.6894 10.1212
114 54.4411 13.8145
115 7.67423 13.3422
116 28.0044 14.3895
117 9.62646 14.0719
118 29.7713 15.0532
119 10.5027 14.7855
120 103.798 19.7306
121 4.5454 18.9314
122 21.6488 19.0673
123 12.4033 18.7499
124 23.4176 18.9621
125 21.7638 19.0839
126 10.4466 18.724
127 17.1614 18.6615
128 6.08619 18.1779
129 7.09328 17.7673
130 6.39804 17.3613
131 7.25197 17.0127
132 41.8182 17.8395
133 8.72474 17.5455
134 6.78295 17.2092
135 10.9146 17.0184
136 8.4522 16.7665
137 19.8416 16.8543
138 7.89123 16.6054
139 7.78572 16.367
140 24.408 16.5786
141 12.9565 16.4857
142 4.79731 16.1935
143 90.1982 17.9985
144 10.7032 17.8248
145 21.665 17.9141
146 5.92855 17.6417
147 13.3859 17.5471
148 6.70392 17.3114
149 14.7111 17.2561
150 13.1583 17.1707
151 3.67706 16.8953
152 22.7498 17.0124
153 13.8039 16.9495
154 7.75162 7.75162
155 7.31796 7.53479
156 31.1591 15.4096
157 4.51902 12.6869
158 27.6712 15.6838
159 17.7866 16.0342
160 11.9978 15.4576
161 3.66264 13.9832
162 7.67234 13.282
163 6.90845 12.6447
164 9.76969 12.3833
165 18.4676 12.8903
166 6.55047 12.4027
167 40.2839 14.3942
168 8.3866 13.9937
169 8.85408 13.6724
170 15.3454 13.7709
171 6.48775 13.3662
172 4.77071 12.9138
173 24.6854 13.5024
174 4.83934 13.0899
175 9.08865 12.908
176 39.6361 14.0701
177 23.4002 14.4589
178 10.3339 14.2939
179 5.43105 13.953
180 5.37649 13.6353
181 14.0335 13.6496
182 15.4706 13.7124
183 4.09683 13.3918
184 3.91366 13.0861
185 18.1871 13.2455
186 9.19596 13.1228
187 10.4819 13.0451
188 79.7898 14.9521
189 11.8234 14.8652
190 3.17216 14.5492
191 32.9014 15.0321
192 10.0574 14.9046
193 22.9002 15.1045
194 49.1396 15.9346
195 27.722 16.2152
196 6.72268 15.9945
197 9.85139 15.8549
198 29.2487 16.1525
199 64.227 17.1976
200 5.70404 16.9531
201 5.47523 16.7139
202 17.3161 16.7262
203 14.1647 16.675
204 15.7755 16.6574
205 3.77611 3.77611
206 7.20339 5.48975
207 8.57824 6.51925
208 8.86212 7.10496
209 25.4069 10.7654
210 12.6866 11.0856
211 4.74941 10.1804
212 7.18666 9.80618
213 22.1125 11.1735
214 4.54527 10.5107
215 67.4011 15.6826
216 17.0374 15.7955
217 28.4664 16.7702
218 4.81242 15.916
219 14.2336 15.8039
220 10.5975 15.4785
221 7.06432 14.9835
222 2.81303 14.3074
223 10.5609 14.1102
224 20.3119 14.4203
225 20.8855 14.7282
226 8.76895 14.4573
227 5.28445 14.0585
228 13.4167 14.0317
229 43.0645 15.193
230 7.18164 14.8849
231 41.0778 15.855
232 8.16485 15.5804
233 5.10602 15.2192
234 31.641 15.7666
235 7.97199 15.5151
236 4.67988 15.1765
237 6.72735 14.9205
238 17.4522 14.995
239 6.22524 14.7444
240 7.33998 14.5387
241 9.19364 14.3943
242 12.684 14.3493
243 12.1347 14.2925
244 11.6747 14.227
245 5.9176 14.0244
246 15.5134 14.0598
247 11.9927 14.0117
248 21.9411 14.192
249 26.0162 14.4547
250 19.9228 14.5736
251 12.7332 14.5344
252 16.7492 14.5806
253 11.0339 14.5082
254 5.01881 14.3184
255 10.8833 14.251
256 66.1517 66.1517
257 5.38519 35.7685
258 24.6485 32.0618
259 12.1605 27.0865
260 23.7476 26.4187
261 34.5371 27.7718
262 11.0665 25.3853
263 10.2554 23.4941
264 11.6551 22.1786
265 13.2398 21.2847
266 14.1014 20.6317
267 4.26241 19.2676
268 8.16957 18.4139
269 8.50358 17.706
270 14.8928 17.5185
271 21.2575 17.7522
272 9.11912 17.2443
273 12.4403 16.9774
274 6.07952 16.4039
275 4.01296 15.7843
276 16.3615 15.8118
277 8.13224 15.4627
278 18.6523 15.6014
279 9.39863 15.343
280 10.3363 15.1427
281 8.55201 14.8892
282 12.822 14.8126
283 14.2733 14.7934
284 7.281 14.5343
285 13.7001 14.5065
286 9.03111 14.3299
287 52.6612 15.5278
288 11.7175 15.4123
289 28.6638 15.802
290 16.6125 15.8252
291 12.9511 15.7454
292 19.172 15.838
293 32.5511 16.2778
294 10.4516 16.1284
295 11.663 16.0168
296 18.3928 16.0747
297 44.9126 16.7613
298 15.8623 16.7404
299 9.56628 16.5774
300 12.3289 16.483
301 13.5505 16.4192
302 15.8542 16.4072
303 7.34533 16.2184
304 37.2291 16.6472
305 7.41058 16.4625
306 6.65794 16.2702
307 12.6955 12.6955
308 12.9193 12.8074
309 18.3184 14.6444
310 5.79505 12.4321
311 19.082 13.7621
312 7.68248 12.7488
313 6.89565 11.9126
314 6.6494 11.2547
315 7.39007 10.8253
316 8.74272 10.6171
317 20.2799 11.4955
318 9.85907 11.3591
319 30.8489 12.8583
320 6.87542 12.431
321 27.0481 13.4055
322 5.32999 12.9008
323 17.1573 13.1511
324 6.39884 12.776
325 21.5898 13.2399
326 13.7851 13.2672
327 7.91514 13.0123
328 10.2817 12.8882
329 9.10607 12.7237
330 14.8104 12.8107
331 5.86676 12.5329
332 23.0121 12.936
333 18.7696 13.152
334 16.7285 13.2798
335 19.6833 13.5006
336 14.67 13.5396
337 25.5805 13.928
338 13.9743 13.9294
339 10.4529 13.8241
340 23.6736 14.1138
341 7.89458 13.9361
342 8.40399 13.7824
343 3.17081 13.4956
344 26.3405 13.8336
345 8.1346 13.6875
346 11.9698 13.6446
347 5.24667 13.4397
348 6.55295 13.2758
349 7.20866 13.1347
350 13.449 13.1418
351 26.5187 13.4391
352 3.66333 13.2266
353 4.68208 13.0448
354 9.1298 12.9632
355 37.4285 13.4625
356 69.377 14.5808
357 7.75869 14.447
358 3.36256 3.36256
359 8.58083 5.9717
360 27.2712 13.0715
361 7.32935 11.636
362 12.2259 11.754
363 23.1714 13.6569
364 8.21048 12.8788
365 8.37983 12.3165
366 25.9391 13.8301
367 30.6778 15.5149
368 5.04452 14.563
369 10.3866 14.215
370 14.8844 14.2665
371 9.37751 13.9173
372 7.1258 13.4645
373 8.91761 13.1803
374 10.4259 13.0183
375 5.42791 12.5966
376 13.6798 12.6536
377 6.48544 12.3452
378 9.13556 12.1924
379 3.89351 11.8151
380 13.9301 11.9071
381 3.30904 11.5488
382 8.78092 11.4381
383 22.1737 11.851
384 8.15564 11.7142
385 8.66417 11.6052
386 10.954 11.5828
387 11.096 11.5666
388 16.1755 11.7152
389 11.7708 11.717
390 19.3657 11.9488
391 5.11975 11.7479
392 28.2747 12.2201
393 8.84826 12.1264
394 8.83177 12.0374
395 5.34016 11.8611
396 19.6701 12.0614
397 0.698439 11.7773
398 37.0315 12.3933
399 16.9517 12.5018
400 12.9737 12.5128
401 4.6596 12.3343
402 6.09043 12.1955
403 6.24569 12.0662
404 5.75025 11.9318
405 8.56182 11.8616
406 76.3895 13.1785
407 10.7245 13.1294
408 16.7084 13.1996
409 8.01684 8.01684
410 44.8836 26.4502
411 35.4582 29.4529
412 14.6048 25.7409
413 13.1439 23.2215
414 13.5001 21.6012
415 18.4091 21.1452
416 6.67281 19.3362
417 13.9678 18.7397
418 12.6618 18.1319
419 44.041 20.4873
420 20.7775 20.5115
421 21.9642 20.6232
422 4.63257 19.481
423 5.06431 18.5199
424 21.6078 18.7129
425 5.16041 17.9157
426 1.03902 16.9781
427 13.9421 16.8183
428 8.42431 16.3986
429 7.00188 15.9511
430 16.3723 15.9703
431 15.6767 15.9575
432 5.56471 15.5245
433 7.33511 15.1969
434 6.74839 14.872
435 3.81465 14.4624
436 18.6744 14.6129
437 6.29028 14.3259
438 45.2008 15.355
439 9.92632 15.1799
440 8.47113 14.9703
441 11.7366 14.8723
442 15.9377 14.9036
443 4.90246 14.6179
444 3.8912 14.3199
445 26.0514 14.637
446 11.2983 14.5491
447 8.78888 14.4014
448 4.34158 14.1499
449 10.6125 14.0636
450 13.2803 14.045
451 16.0233 14.091
452 5.41517 13.8938
453 8.44673 13.7728
454 8.25324 13.6528
455 13.1589 13.6423
456 8.71535 13.5396
457 5.0198 13.3658
458 11.9568 13.3376
459 9.04753 13.2535
460 10.885 10.885
461 92.2914 51.5882
462 12.2536 38.4767
463 18.4416 33.4679
464 18.72 30.5183
465 3.49142 26.0138
466 47.5172 29.0857
467 16.042 27.4553
468 6.81675 25.1621
469 5.66014 23.2119
470 5.55416 21.6067
471 2.35678 20.0025
472 54.3916 22.6478
473 49.6643 24.5776
474 3.92689 23.2009
475 9.50796 22.345
476 6.82003 21.4318
477 3.03008 20.4095
478 5.17337 19.6076
479 9.89817 19.1221
480 19.8748 19.158
481 5.49339 18.5368
482 7.9512 18.0766
483 21.5116 18.2197
484 11.5129 17.9515
485 4.3254 17.4274
486 2.76701 16.8844
487 6.85134 16.5261
488 26.2343 16.8608
489 7.04171 16.5335
490 10.4802 16.3383
491 28.9077 16.7311
492 34.2509 17.262
493 10.0155 17.0488
494 9.57529 16.8353
495 5.58115 16.5227
496 11.5241 16.3876
497 19.8418 16.4785
498 7.37621 16.2451
499 9.99226 16.0888
500 12.851 16.0098
501 11.5234 15.903
502 10.3522 15.7739
503 9.4839 15.6309
504 27.1468 15.8869
505 10.6682 15.7734
506 7.36645 15.5945
507 8.20723 15.4406
508 6.54898 15.2592
509 30.0035 15.5541
510 18.3889 15.6096
511 7.24989 7.24989
512 2.42808 4.83899
513 5.66838 5.11545
514 16.4666 7.95324
515 16.474 9.65739
516 7.50589 9.29881
517 20.4959 10.8984
518 8.21326 10.5627
519 5.52926 10.0035
520 12.7977 10.2829
521 10.8045 10.3303
522 18.9923 11.0521
523 8.93238 10.8891
524 12.2011 10.9828
525 4.1258 10.5257
526 6.38157 10.2667
527 20.3726 10.8611
528 18.2861 11.2736
529 8.95336 11.1515
530 7.69059 10.9785
531 10.7127 10.9658
532 13.3071 11.0722
533 19.3376 11.4316
534 17.0564 11.666
535 11.0866 11.6428
536 13.5165 11.7149
537 6.75965 11.5313
538 6.63632 11.3565
539 17.7669 11.5776
540 4.24301 11.3331
541 3.80237 11.0901
542 6.90349 10.9593
543 10.2327 10.9373
544 69.0309 12.6459
545 6.05811 12.4577
546 26.4069 12.8452
547 24.4605 13.1591
548 33.7964 13.7022
549 7.54517 13.5443
550 6.6031 13.3708
551 31.3301 13.8088
552 8.68362 13.6868
553 8.89051 13.5753
554 20.7365 13.738
555 19.5194 13.8665
556 10.1612 13.7859
557 13.5037 13.7799
558 11.8343 13.7394
559 6.3742 13.5891
560 5.97363 13.4368
561 32.8724 13.8179
562 17.9006 17.9006
563 7.53944 12.72
564 18.2508 14.5636
565 0.999602 11.1726
566 6.35239 10.2086
567 3.9732 9.16933
568 12.4961 9.64458
569 6.22413 9.21703
570 28.1328 11.3188
571 5.89979 10.7769
572 27.4428 12.292
573 11.251 12.2052
574 14.7086 12.3978
575 23.0692 13.16
576 7.58642 12.7884
577 6.17324 12.375
578 22.4588 12.9682
579 8.02442 12.6935
580 14.1835 12.7719
581 9.50561 12.6086
582 17.1091 12.8229
583 25.5858 13.4031
584 33.9068 14.2945
585 11.6685 14.1851
586 6.41591 13.8743
587 11.9022 13.7985
588 8.33546 13.5962
589 8.5116 13.4146
590 25.3831 13.8273
591 22.6413 14.1211
592 18.4523 14.2608
593 12.1525 14.1949
594 74.199 16.0132
595 14.9182 15.981
596 30.4949 16.3957
597 1.70141 15.9875
598 17.7703 16.0357
599 4.75579 15.7389
600 9.22561 15.5718
601 12.0664 15.4842
602 12.5656 15.413
603 11.413 15.3178
604 13.4727 15.2749
605 20.3432 15.3901
606 15.7551 15.3982
607 2.44656 15.1166
608 22.4875 15.2735
609 17.6228 15.3224
610 15.7817 15.3318
611 8.06396 15.1864
612 7.50014 15.0357
613 16.4623 16.4623
614 17.8598 17.161
615 36.883 23.735
616 34.3424 26.3869
617 6.81876 22.4733
618 6.94762 19.8857
619 9.6615 18.4251
620 10.4226 17.4248
621 6.99309 16.2657
622 41.8132 18.8204
623 3.63241 17.4397
624 8.17956 16.668
625 21.7734 17.0607
626 9.14437 16.4953
627 8.80532 15.9826
628 13.3886 15.8205
629 11.1141 15.5436
630 6.77157 15.0563
631 15.3524 15.0719
632 2.76337 14.4565
633 7.01538 14.1021
634 15.073 14.1463
635 11.2329 14.0196
636 9.30284 13.8231
637 10.238 13.6797
638 5.50384 13.3652
639 7.30157 13.1406
640 10.1844 13.035
641 14.199 13.0752
642 13.0431 13.0741
643 17.8486 13.2281
644 41.4964 14.1115
645 3.31256 13.7843
646 7.22404 13.5913
647 70.1462 15.2072
648 19.8166 15.3352
649 7.61632 15.1266
650 8.92316 14.9633
651 7.57353 14.7739
652 18.8731 14.8763
653 19.0665 14.9785
654 6.35016 14.7731
655 11.8656 14.7055
656 5.54512 14.4973
657 15.4483 14.5184
658 20.5438 14.6494
659 7.75608 14.5027
660 39.2644 15.0186
661 13.7704 14.9931
662 4.14869 14.7763
663 32.0415 15.1148
664 13.8701 13.8701
665 32.3339 23.102
666 24.5247 23.5762
667 23.0428 23.4429
668 8.96633 20.5476
669 108.876 35.2689
670 9.45161 31.5807
671 5.0687 28.2667
672 9.91263 26.2274
673 6.59116 24.2638
674 7.89497 22.7757
675 27.874 23.2005
676 26.6241 23.4639
677 5.13826 22.1549
678 7.07584 21.1497
679 24.8109 21.3785
680 9.59558 20.6854
681 10.7644 20.1342
682 9.28813 19.5634
683 31.1798 20.1442
684 8.77537 19.6028
685 20.2926 19.6342
686 10.7871 19.2495
687 16.0909 19.1179
688 4.1729 18.5201
689 9.53424 18.1745
690 43.7879 19.1231
691 34.2465 19.6633
692 7.71237 19.2512
693 13.2652 19.0516
694 8.41095 18.7084
695 9.81484 18.4305
696 41.5548 19.1312
697 7.20998 18.7806
698 5.74122 18.408
699 10.2597 18.1817
700 4.62641 17.8153
701 12.1415 17.666
702 4.65296 17.3323
703 19.7522 17.3928
704 48.5467 18.1527
705 23.3583 18.2766
706 70.9151 19.5008
707 29.8725 19.7365
708 8.56385 19.4882
709 12.3257 19.3325
710 6.53273 19.0602
711 9.21769 18.8551
712 7.1322 18.6159
713 4.83216 18.3402
714 6.3946 18.106
715 38.6747 38.6747
716 24.3426 31.5086
717 5.25633 22.7579
718 16.4047 21.1696
719 9.30809 18.7973
720 15.7683 18.2925
721 17.1687 18.1319
722 7.92778 16.8564
723 7.09738 15.7721
724 7.77217 14.9721
725 7.0462 14.2515
726 20.2754 14.7535
727 11.3515 14.4918
728 5.12697 13.8229
729 22.9837 14.4336
730 14.2867 14.4244
731 7.3033 14.0056
732 10.7824 13.8265
733 4.80862 13.3519
734 10.6073 13.2146
735 5.65249 12.8545
736 48.209 14.4616
737 13.8465 14.4348
738 8.08255 14.1701
739 6.25861 13.8537
740 7.72517 13.618
741 6.34933 13.3488
742 10.8684 13.2602
743 11.0124 13.1827
744 9.1351 13.0477
745 17.4266 13.189
746 6.7793 12.9887
747 36.7032 13.7073
748 8.85028 13.5645
749 8.14869 13.4097
750 13.925 13.424
751 8.85744 13.3006
752 13.9689 13.3182
753 9.61749 13.2233
754 13.7059 13.2354
755 19.28 13.3828
756 14.7365 13.415
757 12.8522 13.402
758 7.85223 13.2758
759 12.827 13.2659
760 23.7806 13.4944
761 12.9173 13.4822
762 8.98159 13.3884
763 15.6629 13.4348
764 12.612 13.4184
765 10.624 13.3636
766 9.46597 9.46597
767 7.31262 8.38929
768 26.6506 14.4764
769 6.12275 12.388
770 15.5598 13.0223
771 14.7227 13.3057
772 5.44276 12.1825
773 23.9811 13.6573
774 13.1641 13.6025
775 8.7864 13.1209
776 13.2283 13.1306
777 12.6093 13.0872
778 8.68109 12.7483
779 8.08952 12.4155
780 3.89233 11.8473
781 6.91376 11.5389
782 7.15967 11.2813
783 10.0156 11.211
784 12.6548 11.287
785 6.72879 11.0591
786 8.20158 10.923
787 19.4507 11.3106
788 6.62232 11.1068
789 9.67215 11.047
790 9.27295 10.9761
791 8.16125 10.8678
792 27.1182 11.4697
793 20.327 11.786
794 8.31232 11.6662
795 17.5274 11.8616
796 2.53159 11.5606
797 11.585 11.5614
798 12.7982 11.5989
799 2.35732 11.3271
800 11.1957 11.3233
801 3.9979 11.1198
802 5.18724 10.9595
803 8.2837 10.8891
804 8.49537 10.8277
805 4.03416 10.6578
806 44.191 11.4757
807 16.7201 11.6006
808 11.3926 11.5958
809 12.3748 11.6135
810 9.06316 11.5568
811 5.87331 11.4332
812 13.3873 11.4748
813 6.61255 11.3735
814 3.9902 11.2228
815 9.11608 11.1807
816 4.24283 11.0447
817 4.35277 4.35277
818 10.4742 7.41348
819 10.9452 8.59071
820 16.434 10.5515
821 8.47111 10.1354
822 16.1334 11.1351
823 11.4924 11.1862
824 9.74833 11.0064
825 7.91648 10.6631
826 6.78423 10.2752
827 10.5211 10.2976
828 19.5478 11.0684
829 5.93294 10.6734
830 6.60478 10.3828
831 10.7536 10.4075
832 5.56796 10.105
833 4.65073 9.78418
834 21.293 10.4236
835 12.3787 10.5265
836 11.7203 10.5862
837 8.15907 10.4706
838 12.2982 10.5536
839 5.99596 10.3555
840 19.4986 10.7365
841 7.97434 10.626
842 19.5276 10.9683
843 21.3846 11.3541
844 5.28939 11.1375
845 16.4185 11.3196
846 23.6283 11.7299
847 10.4201 11.6877
848 4.36781 11.4589
849 34.4631 12.156
850 9.3915 12.0747
851 11.518 12.0588
852 10.1495 12.0058
853 8.13539 11.9012
854 13.4504 11.9419
855 8.55239 11.855
856 5.43559 11.6945
857 22.6769 11.9624
858 19.6807 12.1462
859 17.0638 12.2605
860 13.309 12.2844
861 8.17588 12.1931
862 14.5986 12.2453
863 29.1631 12.6053
864 5.98386 12.4674
865 6.98434 12.3555
866 14.6869 12.4021
867 5.03113 12.2576
868 11.4426 11.4426
869 4.64499 8.0438
870 8.62343 8.23701
871 14.8434 9.8886
872 16.1574 11.1424
873 15.7428 11.9091
874 7.59374 11.2926
875 4.22667 10.4094
876 13.458 10.7481
877 9.60199 10.6335
878 6.96436 10.2999
879 10.6033 10.3252
880 7.74739 10.1269
881 18.8963 10.7533
882 12.3006 10.8565
883 8.45193 10.7062
884 8.98268 10.6048
885 25.3354 11.4232
886 6.0744 11.1417
887 7.69637 10.9694
888 7.44382 10.8015
889 16.4395 11.0578
890 6.4172 10.856
891 10.6544 10.8476
892 8.83965 10.7673
893 7.59671 10.6453
894 7.21385 10.5183
895 8.29803 10.439
896 12.6516 10.5153
897 5.99694 10.3646
898 11.943 10.4156
899 30.4063 11.0403
900 7.8784 10.9445
901 7.40193 10.8403
902 7.27664 10.7385
903 10.7261 10.7381
905 16.4932 10.8937
906 15.9707 11.0273
907 15.5004 11.142
908 14.0981 11.2159
909 16.4287 11.343
910 14.4228 11.4163
911 13.3158 11.4605
912 13.5885 11.5089
913 15.7078 11.6022
914 17.1203 11.7221
915 17.1089 11.8367
916 13.0688 11.8624
917 15.8343 11.9435
918 10.9311 11.9232
919 15.5676 11.9947
920 16.0755 16.0755
921 15.3109 15.6932
922 14.932 15.4394
923 12.9794 14.8244
924 17.5953 15.3786
925 14.4667 15.2266
926 11.2916 14.6645
927 13.5723 14.528
928 16.6382 14.7624
929 12 14.4862
930 13.1903 14.3684
931 11.8052 14.1548
932 13.7742 14.1255
933 13.9575 14.1135
934 15.5627 14.2101
935 15.6293 14.2988
936 14.0671 14.2852
937 15.1992 14.336
938 14.8562 14.3634
939 11.2778 14.2091
940 13.089 14.1557
941 11.1227 14.0179
942 19.581 14.2597
943 12.3942 14.182
944 15.7371 14.2442
945 12.0784 14.1609
946 15.7202 14.2187
947 16.692 14.307
948 12.9704 14.2609
949 12.9137 14.216
950 14.5686 14.2274
951 13.7183 14.2115
952 16.3616 14.2766
953 14.1053 14.2716
954 16.1076 14.324
955 12.3642 14.2696
956 9.31318 14.1356
957 14.6034 14.148
958 12.7203 14.1114
959 13.4246 14.0942
960 13.7387 14.0855
961 13.1852 14.0641
962 12.4464 14.0265
963 14.4223 14.0355
964 11.9215 13.9885
965 15.4445 14.0201
966 15.8397 14.0588
967 20.3224 14.1893
968 13.5377 14.176
969 10.92 14.1109
970 12.5472 14.0803
971 13.0996 13.0996
972 12.3647 12.7322
973 12.9779 12.8141
974 15.0007 13.3607
975 14.3873 13.566
976 10.9357 13.1277
977 13.6687 13.2049
978 19.8719 14.0383
979 14.0938 14.0445
980 14.6033 14.1004
981 15.025 14.1844
982 15.4147 14.2869
983 14.6045 14.3114
984 11.9849 14.1452
985 13.6274 14.1107
986 13.3414 14.0626
987 11.4894 13.9112
988 13.6856 13.8987
989 10.5596 13.723
990 12.4854 13.6611
991 15.3287 13.7405
992 15.6862 13.8289
993 15.5606 13.9042
994 13.018 13.8673
995 14.5104 13.893
996 14.3699 13.9114
997 14.8891 13.9476
998 15.0246 13.986
999 14.7594 14.0127
1000 14.8906 14.042
1001 15.0892 14.0757
1002 15.6111 14.1237
1003 13.5772 14.1072
1004 12.3986 14.0569
1005 17.4032 14.1525
1006 15.8623 14.2
1007 18.4575 14.3151
1008 14.0773 14.3088
1009 11.9292 14.2478
1010 11.9962 14.1915
1011 13.0753 14.1643
1012 16.3562 14.2165
1013 15.2823 14.2413
1014 19.2966 14.3562
1015 15.2306 14.3756
1016 12.2528 14.3294
1017 14.6391 14.336
1018 15.395 14.3581
1019 13.7616 14.3459
1020 13.3986 14.327
1021 12.9794 14.3006
1022 11.9662 11.9662
1023 13.215 12.5906
1024 13.1461 12.7758
1025 13.2034 12.8827
1026 12.2214 12.7504
1027 17.5535 13.5509
1028 14.9391 13.7493
1029 14.7351 13.8725
1030 15.2634 14.027
1031 14.5426 14.0786
1032 17.1329 14.3563
1033 11.6159 14.1279
1034 14.903 14.1875
1035 13.8796 14.1655
1036 15.8326 14.2767
1037 12.8466 14.1873
1038 15.5302 14.2663
1039 11.6333 14.12
1040 16.1756 14.2282
1041 19.1375 14.4737
1042 12.9111 14.3993
1043 16.9824 14.5167
1044 17.9113 14.6643
1045 14.8225 14.6709
1046 10.689 14.5116
1047 15.1231 14.5351
1048 13.1103 14.4823
1049 14.7302 14.4912
1050 12.3302 14.4167
1051 16.4539 14.4846
1052 13.4149 14.4501
1053 10.2521 14.3189
1054 11.6434 14.2378
1055 12.66 14.1914
1056 10.0498 14.0731
1057 15.8008 14.1211
1058 15.2072 14.1504
1059 13.3059 14.1282
1060 17.5955 14.2171
1061 22.0354 14.4126
1062 14.4782 14.4142
1063 12.8053 14.3758
1064 15.4745 14.4014
1065 13.5149 14.3813
1066 14.2677 14.3787
1067 13.5844 14.3615
1068 12.0476 14.3122
1069 13.255 14.2902
1070 17.8047 14.3619
1071 13.9226 14.3531
1072 17.1032 14.4071
1073 14.9278 14.9278
1074 17.2197 16.0737
1075 12.4367 14.8614
1076 16.4513 15.2589
1077 13.4382 14.8947
1078 15.891 15.0608
1079 12.4683 14.6904
1080 11.7432 14.322
1081 17.225 14.6446
1082 16.7393 14.854
1083 16.6461 15.017
1084 11.338 14.7104
1085 15.066 14.7377
1086 13.1699 14.6257
1087 13.6801 14.5627
1088 16.0136 14.6534
1089 13.6981 14.5972
1090 18.4597 14.8118
1091 12.622 14.6965
1092 13.9781 14.6606
1093 14.7615 14.6654
1094 15.7257 14.7136
1095 15.6555 14.7545
1096 14.1433 14.7291
1097 16.9223 14.8168
1098 16.1879 14.8695
1099 14.6786 14.8625
1100 14.6502 14.8549
1101 15.0892 14.863
1102 12.8414 14.7956
1103 15.516 14.8188
1104 15.7624 14.8483
1105 15.8449 14.8785
1106 10.1407 14.7392
1107 10.6846 14.6233
1108 15.8907 14.6585
1109 13.7661 14.6344
1110 13.9285 14.6158
1111 12.0752 14.5507
1112 15.9091 14.5846
1113 13.91 14.5682
1114 15.2048 14.5833
1115 13.7647 14.5643
1116 16.3895 14.6058
1117 15.2266 14.6196
1118 11.5946 14.5538
1119 13.5519 14.5325
1120 11.5737 14.4709
1121 15.8521 14.4991
1122 10.8126 14.4253
1123 18.7112 14.5094
1124 13.9257 13.9257
1125 14.9635 14.4446
1126 14.9759 14.6217
1127 11.5372 13.8506
1128 13.9223 13.8649
1129 15.4354 14.1267
1130 15.1375 14.2711
1131 16.8954 14.5991
1132 20.1331 15.214
1133 17.4895 15.4416
1134 14.0872 15.3184
1135 11.0371 14.9617
1136 12.8961 14.8028
1137 17.2219 14.9756
1138 12.308 14.7977
1139 14.2176 14.7615
1140 11.691 14.5809
1141 15.7241 14.6444
1142 14.4605 14.6347
1143 17.8995 14.7979
1144 11.7795 14.6542
1145 11.578 14.5144
1146 19.4444 14.7287
1147 13.2562 14.6674
1148 11.9241 14.5576
1149 12.5754 14.4814
1150 18.2619 14.6214
1151 15.4765 14.652
1152 12.3574 14.5728
1153 15.8366 14.615
1154 18.3036 14.734
1155 14.4973 14.7266
1156 12.1687 14.649
1157 16.1901 14.6944
1158 15.6641 14.7221
1159 18.3553 14.823
1160 12.9779 14.7731
1161 14.2231 14.7587
1162 14.0289 14.7399
1163 15.4299 14.7572
1164 11.6019 14.6802
1165 13.8521 14.6605
1166 14.8854 14.6657
1167 13.2123 14.6327
1168 13.9587 14.6177
1169 15.2639 14.6318
1170 15.4856 14.65
1171 15.0278 14.6578
1172 13.6149 14.6365
1173 10.699 14.5578
1174 18.279 14.6308
1175 13.8394 13.8394
1176 14.7072 14.2733
1177 10.4805 13.009
1178 17.0181 14.0113
1179 12.5398 13.717
1180 13.4974 13.6804
1181 14.8984 13.8544
1182 15.2602 14.0301
1183 14.5443 14.0873
1184 18.1671 14.4953
1185 12.5008 14.3139
1186 15.2377 14.3909
1187 15.5747 14.482
1188 13.1213 14.3848
1189 15.994 14.4921
1190 12.5337 14.3697
1191 15.7611 14.4515
1192 14.9999 14.482
1193 8.56845 14.1707
1194 12.5281 14.0886
1195 11.394 13.9603
1196 11.5734 13.8518
1197 16.5912 13.9709
1198 12.5981 13.9137
1199 14.7668 13.9478
1200 12.0406 13.8745
1201 13.3113 13.8536
1202 9.57567 13.7008
1203 12.6047 13.663
1204 14.3786 13.6869
1205 15.8547 13.7568
1206 17.6791 13.8794
1207 15.4024 13.9255
1208 14.8653 13.9532
1209 13.856 13.9504
1210 14.2228 13.958
1211 13.9823 13.9586
1212 13.8743 13.9564
1213 13.5792 13.9467
1214 13.3786 13.9325
1215 11.9442 13.884
1216 17.4249 13.9683
1217 19.2344 14.0908
1218 12.1782 14.0473
1219 17.7406 14.1294
1220 14.3843 14.135
1221 17.6541 14.2098
1222 13.3594 14.1921
1223 18.0756 14.2714
1224 16.1991 14.3099
1225 15.113 14.3257
1226 15.3085 15.3085
1227 14.6893 14.9989
1228 13.4611 14.4863
1229 14.7934 14.5631
1230 13.5165 14.3538
1231 11.7915 13.9267
1232 11.0506 13.5158
1233 13.1059 13.4646
1234 15.4649 13.6868
1235 13.886 13.7068
1236 11.4247 13.4993
1237 12.2199 13.3927
1238 14.7053 13.4937
1239 15.7323 13.6536
1240 16.4732 13.8415
1241 13.5507 13.8234
1242 13.2671 13.7906
1243 18.0396 14.0267
1244 10.8701 13.8606
1245 18.2392 14.0795
1246 10.6625 13.9168
1247 14.5934 13.9475
1248 13.8053 13.9413
1249 15.9281 14.0241
1250 12.1702 13.95
1251 14.1373 13.9572
1252 11.2574 13.8572
1253 12.5457 13.8103
1254 17.5979 13.941
1255 15.1501 13.9813
1256 15.1406 14.0187
1257 17.8932 14.1397
1258 13.216 14.1117
1259 9.81562 13.9854
1260 14.1719 13.9907
1261 17.1772 14.0792
1262 12.7889 14.0444
1263 11.9697 13.9898
1264 16.6307 14.0575
1265 18.0349 14.1569
1266 12.9411 14.1273
1267 12.8029 14.0957
1268 11.0665 14.0253
1269 15.2276 14.0526
1270 14.8527 14.0704
1271 9.067 13.9616
1272 14.5301 13.9737
1273 13.8488 13.9711
1274 11.2087 13.9147
1275 10.0095 13.8366
1276 16.3372 13.8857
1277 12.3793 12.3793
1278 13.1237 12.7515
1279 13.6243 13.0424
1280 11.3938 12.6303
1281 11.2746 12.3591
1282 14.186 12.6636
1283 13.6733 12.8079
1284 14.4532 13.0135
1285 17.7476 13.5395
1286 13.9308 13.5787
1287 14.1972 13.6349
1288 14.8811 13.7387
1289 13.2824 13.7036
1290 17.7793 13.9948
1291 15.2145 14.0761
1292 18.8596 14.375
1293 12.221 14.2483
1294 17.486 14.4282
1295 19.0913 14.6736
1296 12.1541 14.5477
1297 15.5624 14.596
1298 13.7173 14.556
1299 13.2682 14.5
1300 16.6001 14.5876
1301 13.897 14.5599
1302 12.9313 14.4973
1303 11.1614 14.3737
1304 16.1869 14.4385
1305 13.8218 14.4172
1306 13.7834 14.3961
1307 14.1141 14.387
1308 15.3888 14.4183
1309 14.4325 14.4187
1311 14.4159 14.4187
1312 14.4124 14.4185
1314 14.4083 14.4182
1315 14.4069 14.4179
1317 14.4046 14.4175
1318 14.4036 14.4172
1320 14.4019 14.4168
1321 14.4011 14.4164
1323 14.3997 14.416
1324 14.3991 14.4156
1326 14.3979 14.4152
1327 14.3974 14.4148
1329 14.3964 14.4144
1330 14.3959 14.414
1332 14.3951 14.4136
1333 14.3947 14.4132
1335 14.3939 14.4129
1336 14.3936 14.4125
1338 14.3929 14.3929
1339 14.3926 14.3928
1341 14.392 14.3925
1342 14.3917 14.3923
1344 14.3912 14.3921
1345 14.3909 14.3919
1347 14.3904 14.3917
1348 14.3902 14.3915
1350 14.3897 14.3913
1351 14.3895 14.3911
1353 14.3891 14.3909
1354 14.3889 14.3907
1356 14.3885 14.3906
1357 14.3883 14.3904
1359 14.3879 14.3902
1360 14.3877 14.3901
1362 14.3874 14.3899
1363 14.3872 14.3898
1365 14.3869 14.3896
1366 14.3867 14.3895
1368 14.3864 14.3893
1369 14.3862 14.3892
1371 14.3859 14.389
1372 14.3858 14.3889
1374 14.3855 14.3888
1375 14.3854 14.3886
1377 14.3851 14.3885
1378 14.385 14.3884
1380 14.3847 14.3883
1381 14.3846 14.3881
1383 14.3843 14.388
1384 14.3842 14.3879
1386 14.384 14.3878
1387 14.3838 14.3877
1389 14.3836 14.3875
1390 14.3835 14.3874
1392 14.3833 14.3873
1393 14.3832 14.3872
1395 14.3829 14.3871
1396 14.3828 14.387
1398 14.3826 14.3869
1399 14.3825 14.3868
1401 14.3823 14.3867
1402 14.3822 14.3866
1404 14.382 14.3865
1405 14.3819 14.3864
1407 14.3817 14.3863
1408 14.3816 14.3862
1410 14.3814 14.3861
1411 14.3813 14.386
1413 14.3811 14.3859
1486 14.3745 14.3745
1567 14.3676 14.3711
1657 14.3601 14.3674
1758 14.3519 14.3635
1872 14.3433 14.3595
2002 14.3345 14.3553
2151 14.3254 14.351
2324 14.3163 14.3467
2528 14.3072 14.3423
2772 14.298 14.3379
3068 14.2887 14.3334
3435 14.2787 14.3289
3902 14.2668 14.3241
4515 14.2495 14.3188
5352 14.2155 14.3119
6543 14.1063 14.299
6544 14.1061 14.2877
6545 14.106 14.2776
6546 14.1058 14.2685
6547 14.1056 14.2604
6548 14.1055 14.253
6549 14.1053 14.2463
6550 14.1052 14.2402
6551 14.105 14.2345
6552 14.1049 14.2293
6553 14.1047 14.2246
6554 14.1045 14.2201
6555 14.1044 14.216
6556 14.1042 14.2121
6557 14.1041 14.2085
6558 14.1039 14.2051
6559 14.1038 14.202
6560 14.1036 14.199
6561 14.1034 14.1962
6562 14.1033 14.1935
6563 14.1031 14.191
6564 14.103 14.1886
6565 14.1028 14.1864
6566 14.1026 14.1842
6567 14.1025 14.1822
6568 14.1023 14.1802
6569 14.1022 14.1784
6570 14.102 14.1766
6571 14.1018 14.1749
6572 14.1017 14.1733
6573 14.1015 14.1717
6574 14.1014 14.1702
6575 14.1012 14.1688
6576 14.101 14.1674
6577 14.1009 14.1661
6578 14.1007 14.1648
6579 14.1006 14.1006
6580 14.1004 14.1005
6582 14.1001 14.1003
6583 14.0999 14.1002
6585 14.0996 14.1001
6586 14.0994 14.1
6588 14.0991 14.0999
6589 14.0989 14.0997
6591 14.0986 14.0996
6592 14.0984 14.0995
6594 14.0981 14.0994
6595 14.0979 14.0993
6597 14.0976 14.0991
6598 14.0975 14.099
6600 14.0971 14.0989
6601 14.097 14.0988
6603 14.0966 14.0986
6604 14.0965 14.0985
6606 14.0961 14.0984
6607 14.096 14.0983
6609 14.0956 14.0981
6610 14.0955 14.098
6612 14.0951 14.0979
6613 14.095 14.0978
6615 14.0946 14.0976
6616 14.0945 14.0975
6618 14.0941 14.0974
6619 14.0939 14.0973
6621 14.0936 14.0971
6622 14.0934 14.097
6624 14.0931 14.0969
6625 14.0929 14.0968
6627 14.0926 14.0966
6628 14.0924 14.0965
6630 14.0921 14.0964
6631 14.0919 14.0963
6633 14.0916 14.0961
6634 14.0914 14.096
6636 14.091 14.0959
6637 14.0909 14.0958
6639 14.0905 14.0956
6640 14.0903 14.0955
6642 14.09 14.0954
6643 14.0898 14.0953
6645 14.0895 14.0951
6646 14.0893 14.095
6648 14.089 14.0949
6649 14.0888 14.0947
6651 14.0884 14.0946
6652 14.0883 14.0945
6654 14.0879 14.0944
6655 14.0877 14.0877
6656 14.0876 14.0876
6658 14.0872 14.0875
6659 14.087 14.0874
6661 14.0867 14.0872
6662 14.0865 14.0871
6664 14.0861 14.087
6665 14.086 14.0868
6667 14.0856 14.0867
6668 14.0854 14.0866
6670 14.0851 14.0864
6671 14.0849 14.0863
6673 14.0845 14.0862
6674 14.0843 14.086
6676 14.084 14.0859
6677 14.0838 14.0858
6679 14.0834 14.0856
6680 14.0833 14.0855
6682 14.0829 14.0854
6683 14.0827 14.0852
6685 14.0823 14.0851
6686 14.0822 14.085
6688 14.0818 14.0848
6689 14.0816 14.0847
6691 14.0813 14.0846
6692 14.0811 14.0844
6694 14.0807 14.0843
6695 14.0805 14.0841
6697 14.0801 14.084
6698 14.08 14.0839
6700 14.0796 14.0837
6701 14.0794 14.0836
6703 14.079 14.0835
6704 14.0788 14.0833
6706 14.0785 14.0832
6707 14.0783 14.0831
6709 14.0779 14.0829
6710 14.0777 14.0828
6712 14.0773 14.0826
6713 14.0772 14.0825
6715 14.0768 14.0824
6716 14.0766 14.0822
6718 14.0762 14.0821
6719 14.076 14.0819
6721 14.0756 14.0818
6722 14.0755 14.0817
6724 14.0751 14.0815
6725 14.0749 14.0814
6727 14.0745 14.0812
6728 14.0743 14.0811
6730 14.0739 14.081
6731 14.0737 14.0737
6732 14.0735 14.0736
6734 14.0732 14.0735
6735 14.073 14.0733
6737 14.0726 14.0732
6738 14.0724 14.0731
6740 14.072 14.0729
6741 14.0718 14.0728
6743 14.0714 14.0726
6744 14.0712 14.0725
6746 14.0708 14.0723
6747 14.0706 14.0722
6749 14.0702 14.072
6750 14.07 14.0719
6752 14.0696 14.0717
6753 14.0694 14.0716
6755 14.0691 14.0714
6756 14.0689 14.0713
6758 14.0685 14.0712
6759 14.0683 14.071
6761 14.0679 14.0709
6762 14.0677 14.0707
6764 14.0673 14.0706
6765 14.0671 14.0704
6767 14.0667 14.0703
6768 14.0665 14.0701
6770 14.0661 14.07
6771 14.0659 14.0698
