-0.109957 17 19
22.98 19 19
-0.0189606 9 19
0.0402637 4 19
21.4202 18 18
0.122102 17 18
-0.0243403 15 18
-0.0597318 3 18
-0.141156 11 18
0.0165486 7 18
-0.029173 5 18
19.8863 17 17
-0.00821103 8 17
0.122102 18 17
-0.109957 19 17
-0.053019 13 16
-0.131756 0 16
0.13813 3 16
18.3792 16 16
16.9001 15 15
-0.0243403 18 15
-0.0129711 14 15
-0.1426 13 15
-0.0844425 8 15
15.4503 14 14
-0.0129711 15 14
-0.053019 16 13
-0.1426 15 13
0.0688496 6 13
14.0312 13 13
-0.14347 2 12
12.6446 12 12
0.102289 3 12
-0.0133609 1 12
0.133074 6 11
11.2923 11 11
-0.141156 18 11
0.0891071 4 10
9.97631 10 10
-0.0189606 19 9
8.69932 9 9
7.46426 8 8
-0.0844425 15 8
-0.00821103 17 8
-0.0178335 4 8
0.0415315 2 8
6.27476 7 7
0.0165486 18 7
0.11776 6 7
0.0642778 5 7
0.133074 11 6
0.11776 7 6
0.0688496 13 6
-0.0470025 3 6
5.13531 6 6
4.05164 5 5
0.0642778 7 5
-0.029173 18 5
0.00685256 1 5
0.0402637 19 4
0.0891071 10 4
-0.0178335 8 4
3.03143 4 4
-0.0597318 18 3
0.13813 16 3
0.102289 12 3
-0.0470025 6 3
2.08558 3 3
-0.0986653 2 3
-0.0522124 1 3
-0.0986653 3 2
1.23114 2 2
-0.0827193 0 2
0.0415315 8 2
-0.14347 12 2
0.00685256 5 1
-0.0522124 3 1
-0.0133609 12 1
0.5 1 1
-0.131756 16 0
-0.0827193 2 0
0 0 0
